Population	Number	Length (mm)	Width (mm)	Number of Eggs	Dry Mass (mg)
Nahant	1	14.618	4.186	172	7.2
Nahant	2	12.643	3.419	110	9
Nahant	3	11.372	3.653	80	3.8
Nahant	4	12.917	3.874	104	4.5
Nahant	5	13.919	4.104	148	10.4
Nahant	6	11.986	3.852	83	5.3
Nahant	7	14.406	4.681	184	10.6
Nahant	8	13.722	4.471	79	10.9
Nahant	9	13.029	4.2	86	9.9
Nahant	10	11.854	3.848	58	8
Nahant	11	11.708	3.845	82	7.5
Nahant	12	11.737	3.443	76	4.4
Nahant	13	12.448	4.039	64	8.8
Nahant	14	12.713	4.122	80	8.7
Nahant	15	12.863	4.336	67	8.3
Nahant	16	14.546	4.808	170	12.9
Nahant	17	12.502	4.181	80	8.5
Nahant	18	13.078	4.351	82	10.4
Nahant	19	12.378	3.717	54	8.6
Nahant	20	13.756	4.226	116	8.5
Nahant	21	13.667	4.208	94	10.3
Nahant	22	14.028	4.188	103	10.1
Nahant	23	14.135	4.156	152	9.9
Nahant	24	12.71	4.01	106	8.4
Nahant	25	12.728	4.098	104	9.2
Nahant	26	13.251	3.827	106	8.8
Nahant	27	12.998	4.047	66	7.4
Nahant	28	14.6	4.124	93	10.4
Nahant	29	12.59	3.881	85	8.1
Nahant	30	13.492	3.989	118	9.5
Nahant	31	12.318	3.742	82	5.7
Nahant	32	14.324	4.019	46	9.8
Nahant	33	12.544	3.846	84	4.7
Nahant	34	13.506	3.969	98	9.3
Nahant	35	13.632	4.226	114	10.2
Nahant	36	14.807	4.521	130	13.2
Nahant	37	12.031	3.459	37	6.1
Nahant	38	10.929	3.217	59	5.3
Nahant	39	16.674	4.544	120	12.3
Nahant	40	11.633	3.018	68	6.4
Nahant	41	15.503	4.383	157	11.7
Nahant	42	12.637	3.423	61	7
Nahant	43	12.931	3.229	65	6.2
Nahant	44	13.032	3.815	90	7.9
Nahant	45	11.577	3.456	83	4.6
Nahant	46	12.107	3.699	71	3.8
Nahant	47	13.31	4.159	103	6.6
Nahant	48	12.65	3.901	85	7.4
Nahant	49	14.703	4.256	69	10.4
Nahant	50	13.577	3.692	108	8.5
CCVA	1	11.508	2.477	32	3
CCVA	2	9.201	2.389	14	1.5
CCVA	3	10.095	2.702	20	3.8
CCVA	4	11.266	3.12	26	3.1
CCVA	5	11.322	3.096	35	4.2
CCVA	6	9.865	2.594	21	2.1
CCVA	7	10.74	2.914	43	2.4
CCVA	8	12.474	3.473	45	5
CCVA	9	9.963	2.735	29	2.2
CCVA	10	8.969	2.461	25	2.4
CCVA	11	9.832	2.794	34	2
CCVA	12	9.732	2.453	19	1.9
CCVA	13	8.986	2.164	14	1.4
CCVA	14	10.154	2.705	23	3.1
CCVA	15	9.923	2.363	15	0.6
CCVA	16	9.717	2.424	27	2.1
CCVA	17	10.112	2.802	24	2.4
CCVA	18	10.991	2.893	39	3.4
CCVA	19	9.613	2.679	31	2.6
CCVA	20	11.957	2.985	40	5.1
CCVA	21	10.761	2.581	31	2.4
CCVA	22	9.991	2.791	32	1.3
CCVA	23	9.269	2.486	10	2.9
CCVA	24	11.111	2.923	31	3.4
CCVA	25	9.939	2.864	31	2.2
CCVA	26	9.142	2.021	10	1.9
CCVA	27	10.603	2.689	16	1.8
CCVA	28	8.739	2.301	19	1.7
CCVA	29	9.137	2.091	5	1.5
CCVA	30	12.219	3.475	53	4.5
CCVA	31	11.492	3.035	22	3.6
CCVA	32	10.59	2.274	9	2
CCVA	33	9.636	2.841	18	1.3
CCVA	34	10.031	2.756	39	1.7
CCVA	35	9.527	2.415	27	2.4
CCVA	36	10.9	3.114	35	2.7
CCVA	37	9.552	2.727	13	2.1
CCVA	38	10.54	2.805	28	2.9
CCVA	39	11.412	2.969	30	3.7
CCVA	40	9.108	2.443	21	1.8
CCVA	41	10.811	2.874	28	3.1
CCVA	42	10.419	2.842	17	2.7
CCVA	43	10.5	3.017	39	3.4
CCVA	44	9.28	2.683	19	2
CCVA	45	9.866	2.627	45	2.9
CCVA	46	8.904	2.339	23	1.6
CCVA	47	11.525	2.755	20	4.1
CCVA	48	9.694	2.65	34	2.7
CCVA	49	10.613	2.507	27	1.2
CCVA	50	9.134	2.539	10	1.1
VIMS	1	12.911	3.589	78	7.2
VIMS	2	11.752	3.22	74	4
VIMS	3	9.392	2.657	60	1.5
VIMS	4	10.309	2.532	62	2.6
VIMS	5	11.036	3.076	73	3.5
VIMS	6	9.543	2.648	53	2
VIMS	7	12.857	3.615	65	6.3
VIMS	8	9.516	2.671	51	0.8
VIMS	9	11.748	3.302	60	4.7
VIMS	10	12.08	3.655	72	5
VIMS	11	11.819	3.066	59	4.9
VIMS	12	11.25	2.884	50	3.8
VIMS	13	10.434	3.041	59	2.9
VIMS	14	9.811	2.992	52	1.4
VIMS	15	12.217	3.283	48	5.2
VIMS	16	11.553	3.923	75	5.6
VIMS	17	10.377	3.089	46	2.4
VIMS	18	11.37	3.215	41	5.7
VIMS	19	12.958	3.574	80	6.2
VIMS	20	10.695	3.114	63	3.3
VIMS	21	12.881	3.636	78	5.6
VIMS	22	10.244	2.916	59	3
VIMS	23	12.75	3.35	83	6.7
VIMS	24	9.845	2.848	40	2.6
VIMS	25	10.028	2.832	54	2.4
VIMS	26	12.016	3.403	51	5.2
VIMS	27	13.199	3.871	85	8
VIMS	28	9.026	2.829	43	1.7
VIMS	29	10.505	3.347	64	2.4
VIMS	30	10.286	3.176	54	3.3
VIMS	31	8.501	2.374	34	1.9
VIMS	32	14.094	4.073	82	8.2
VIMS	33	9.863	2.657	48	1.4
VIMS	34	11.092	2.995	51	5.1
VIMS	35	13.542	3.993	66	8.6
VIMS	36	10.918	3.428	72	4.9
VIMS	37	10.159	3.155	64	2.1
VIMS	38	13.091	3.727	88	8.1
VIMS	39	11.92	3.65	84	6.8
VIMS	40	14.025	3.727	72	8.4
VIMS	41	11.376	3.039	60	4.1
VIMS	42	11.666	3.117	49	3.8
VIMS	43	10.733	2.924	59	3.2
VIMS	44	10.819	3.363	86	3.2
VIMS	45	13.664	3.669	86	6.6
VIMS	46	13.088	3.739	73	6.8
VIMS	47	9.6	3.053	45	2.9
VIMS	48	10.18	3.067	68	2.2
VIMS	49	13.072	3.716	57	4
VIMS	50	10.547	3.108	52	2.8
Magnolia	1	13.838	4.325	109	6
Magnolia	2	15.699	5.043	100	11.1
Magnolia	3	18.339	5.866	188	16.8
Magnolia	4	14.488	5.081	126	8.4
Magnolia	5	15.328	5.064	185	11.5
Magnolia	6	15.316	4.756	81	8.7
Magnolia	7	16.632	5.71	221	12.8
Magnolia	8	13.1	4.149	100	7
Magnolia	9	12.907	4.145	120	7.8
Magnolia	10	16.447	5.13	204	14.3
Magnolia	11	13.811	4.814	148	6.6
Magnolia	12	12.209	3.95	102	5.5
Magnolia	13	15.638	5.613	176	9.8
Magnolia	14	13.678	4.369	69	6.5
Magnolia	15	13.879	4.437	152	10.2
Magnolia	16	14.982	2.765	77	5.6
Magnolia	17	13.333	4.283	107	5.6
Magnolia	18	14.552	5.158	77	13.6
Magnolia	19	14.597	4.708	131	9.8
Magnolia	20	14.129	4.747	84	5.8
Magnolia	21	14.284	4.382	109	12.1
Magnolia	22	14.588	4.858	153	7.5
Magnolia	23	14.759	4.402	162	8.3
Magnolia	24	12.253	3.916	116	4.2
Magnolia	25	12.768	4.138	119	6.3
Magnolia	26	14.214	4.256	106	9.1
Magnolia	27	13.744	4.832	136	11.2
Magnolia	28	15.222	4.886	112	10.8
Magnolia	29	13.954	4.635	123	10.1
Magnolia	30	12.479	4.063	64	7.8
Magnolia	31	13.315	4.186	118	9.1
Magnolia	32	13.28	4.176	103	5.3
Magnolia	33	12.247	4.224	81	4.3
Magnolia	34	14.274	4.518	108	8
Magnolia	35	18.028	6.002	237	17.4
Magnolia	36	16.825	5.202	178	11.5
Magnolia	37	19.179	6.375	225	15.8
Magnolia	38	15.956	4.993	195	18.4
Magnolia	39	16.794	5.701	178	19.1
Magnolia	40	16.847	5.285	114	18.2
Magnolia	41	14.963	4.998	149	13.2
Magnolia	42	14.707	4.705	130	11.9
Magnolia	43	15.555	4.733	90	12.5
Magnolia	44	15.785	4.941	111	16.7
Magnolia	45	14.259	4.197	74	10.2
Magnolia	46	12.081	4.402	56	5.9
Magnolia	47	16.755	5.41	165	17
Magnolia	48	13.193	4.443	106	10.4
Magnolia	49	12.298	4.133	87	8.6
Magnolia	50	15.471	4.898	37	7.8
